list(estimates = 0.00102115384615385, estimates.flagged = NULL, 
    pedigree = structure(c(0, 0, 0, 0, 0, 0, 0, 0, 0, 0, 0, 0, 
    0, 1, 0, 1, 0, 1, 0, 1, 0, 1, 0, 0, 1, 0, 1, 0, 1, 0, 1, 
    0, 1, 0, 2, 0, 2, 0, 2, 0, 2, 0, 0, 2, 0, 2, 0, 2, 0, 2, 
    0, 4, 0, 4, 0, 4, 0, 0, 4, 0, 4, 0, 4, 0, 5, 0, 5, 0, 0, 
    5, 0, 5, 0, 8, 0, 0, 8, 0, 0, 0, 0, 0, 0, 0, 0, 0, 0, 0, 
    0, 0, 1, 1, 1, 1, 1, 1, 1, 1, 1, 1, 1, 1, 1, 1, 1, 1, 1, 
    1, 1, 1, 1, 2, 2, 2, 2, 2, 2, 2, 2, 2, 2, 2, 2, 2, 2, 2, 
    2, 2, 4, 4, 4, 4, 4, 4, 4, 4, 4, 4, 4, 4, 4, 5, 5, 5, 5, 
    5, 5, 5, 5, 5, 8, 8, 8, 8, 8, 11, 1, 1, 2, 2, 4, 4, 5, 5, 
    8, 8, 11, 11, 1, 2, 2, 4, 4, 5, 5, 8, 8, 11, 11, 2, 2, 4, 
    4, 5, 5, 8, 8, 11, 11, 2, 4, 4, 5, 5, 8, 8, 11, 11, 4, 4, 
    5, 5, 8, 8, 11, 11, 4, 5, 5, 8, 8, 11, 11, 5, 5, 8, 8, 11, 
    11, 5, 8, 8, 11, 11, 8, 8, 11, 11, 8, 11, 11, 11, 11, 11, 
    0, 0, 0.00137, 0, 0, 0.00137, 0.00137, 0.00068, 0.00137, 
    0.00068, 0.00273, 0.00137, 0, 0, 0, 0, 0.00136, 0, 0, 0, 
    0, 0.00068, 0.00068, 0.00136, 0, 0, 0.00204, 0.00204, 0.00068, 
    0.00136, 0.00068, 0.00341, 0.00136, 0, 0, 0.00136, 0, 0.00204, 
    0, 0.00205, 0.00205, 0.00205, 0, 0.00204, 0, 0.00067, 0, 
    0.00068, 0.00204, 0.00136, 0.00069, 0, 0, 0, 0, 0, 0.00069, 
    0.00272, 0.00135, 0.00136, 0.00136, 0.00272, 0.00136, 0.00203, 
    0.00068, 0.00273, 0.00272, 0.0034, 0.00136, 0, 0.00272, 0.00067, 
    0.00136, 0.00136, 0.00136, 0.00136, 0, 0.00272, 1, 1, 2, 
    2, 4, 4, 5, 5, 8, 8, 11, 11, 2, 1, 3, 3, 5, 4, 6, 7, 9, 10, 
    12, 3, 1, 5, 3, 6, 4, 9, 7, 12, 10, 4, 2, 6, 3, 7, 6, 10, 
    9, 13, 6, 2, 7, 3, 10, 6, 13, 9, 8, 1, 9, 4, 12, 7, 15, 9, 
    1, 12, 4, 15, 7, 10, 3, 13, 6, 16, 13, 3, 16, 6, 16, 3, 19, 
    19, 3, 22, 0.00102115384615385, 0.00102115384615385, 0.00102115384615385, 
    0.00102115384615385, 0.00102115384615385, 0.00102115384615385, 
    0.00102115384615385, 0.00102115384615385, 0.00102115384615385, 
    0.00102115384615385, 0.00102115384615385, 0.00102115384615385, 
    0.00102115384615385, 0.00102115384615385, 0.00102115384615385, 
    0.00102115384615385, 0.00102115384615385, 0.00102115384615385, 
    0.00102115384615385, 0.00102115384615385, 0.00102115384615385, 
    0.00102115384615385, 0.00102115384615385, 0.00102115384615385, 
    0.00102115384615385, 0.00102115384615385, 0.00102115384615385, 
    0.00102115384615385, 0.00102115384615385, 0.00102115384615385, 
    0.00102115384615385, 0.00102115384615385, 0.00102115384615385, 
    0.00102115384615385, 0.00102115384615385, 0.00102115384615385, 
    0.00102115384615385, 0.00102115384615385, 0.00102115384615385, 
    0.00102115384615385, 0.00102115384615385, 0.00102115384615385, 
    0.00102115384615385, 0.00102115384615385, 0.00102115384615385, 
    0.00102115384615385, 0.00102115384615385, 0.00102115384615385, 
    0.00102115384615385, 0.00102115384615385, 0.00102115384615385, 
    0.00102115384615385, 0.00102115384615385, 0.00102115384615385, 
    0.00102115384615385, 0.00102115384615385, 0.00102115384615385, 
    0.00102115384615385, 0.00102115384615385, 0.00102115384615385, 
    0.00102115384615385, 0.00102115384615385, 0.00102115384615385, 
    0.00102115384615385, 0.00102115384615385, 0.00102115384615385, 
    0.00102115384615385, 0.00102115384615385, 0.00102115384615385, 
    0.00102115384615385, 0.00102115384615385, 0.00102115384615385, 
    0.00102115384615385, 0.00102115384615385, 0.00102115384615385, 
    0.00102115384615385, 0.00102115384615385, 0.00102115384615385, 
    -0.00102115384615385, -0.00102115384615385, 0.000348846153846154, 
    -0.00102115384615385, -0.00102115384615385, 0.000348846153846154, 
    0.000348846153846154, -0.000341153846153846, 0.000348846153846154, 
    -0.000341153846153846, 0.00170884615384615, 0.000348846153846154, 
    -0.00102115384615385, -0.00102115384615385, -0.00102115384615385, 
    -0.00102115384615385, 0.000338846153846154, -0.00102115384615385, 
    -0.00102115384615385, -0.00102115384615385, -0.00102115384615385, 
    -0.000341153846153846, -0.000341153846153846, 0.000338846153846154, 
    -0.00102115384615385, -0.00102115384615385, 0.00101884615384615, 
    0.00101884615384615, -0.000341153846153846, 0.000338846153846154, 
    -0.000341153846153846, 0.00238884615384615, 0.000338846153846154, 
    -0.00102115384615385, -0.00102115384615385, 0.000338846153846154, 
    -0.00102115384615385, 0.00101884615384615, -0.00102115384615385, 
    0.00102884615384615, 0.00102884615384615, 0.00102884615384615, 
    -0.00102115384615385, 0.00101884615384615, -0.00102115384615385, 
    -0.000351153846153846, -0.00102115384615385, -0.000341153846153846, 
    0.00101884615384615, 0.000338846153846154, -0.000331153846153846, 
    -0.00102115384615385, -0.00102115384615385, -0.00102115384615385, 
    -0.00102115384615385, -0.00102115384615385, -0.000331153846153846, 
    0.00169884615384615, 0.000328846153846154, 0.000338846153846154, 
    0.000338846153846154, 0.00169884615384615, 0.000338846153846154, 
    0.00100884615384615, -0.000341153846153846, 0.00170884615384615, 
    0.00169884615384615, 0.00237884615384615, 0.000338846153846154, 
    -0.00102115384615385, 0.00169884615384615, -0.000351153846153846, 
    0.000338846153846154, 0.000338846153846154, 0.000338846153846154, 
    0.000338846153846154, -0.00102115384615385, 0.00169884615384615
    ), .Dim = c(78L, 7L), .Dimnames = list(NULL, c("time0", "time1", 
    "time2", "div.obs", "delta.t", "div.pred", "residual"))),